    0.4000         0         0
    0.3926    0.0516         0
    0.3787    0.1013         0
    0.3586    0.1483         0
    0.3327    0.1917         0
    0.3017    0.2310         0
    0.2662    0.2655         0
    0.2269    0.2948         0
    0.1845    0.3184         0
    0.1399    0.3360         0
    0.0939    0.3475         0
    0.0473    0.3528         0
    0.0009    0.3520         0
   -0.0445    0.3451         0
   -0.0881    0.3325         0
   -0.1291    0.3145         0
   -0.1670    0.2915         0
   -0.2012    0.2641         0
   -0.2311    0.2328         0
   -0.2563    0.1983         0
   -0.2765    0.1612         0
   -0.2914    0.1222         0
   -0.3010    0.0821         0
   -0.3052    0.0417         0
   -0.3040    0.0015         0
   -0.2976   -0.0376         0
   -0.2863   -0.0751         0
   -0.2704   -0.1102         0
   -0.2503   -0.1425         0
   -0.2264   -0.1715         0
   -0.1992   -0.1967         0
   -0.1694   -0.2179         0
   -0.1376   -0.2346         0
   -0.1043   -0.2469         0
   -0.0701   -0.2545         0
   -0.0358   -0.2575         0
   -0.0019   -0.2560         0
    0.0310   -0.2501         0
    0.0623   -0.2401         0
    0.0915   -0.2262         0
    0.1183   -0.2088         0
    0.1421   -0.1885         0
    0.1626   -0.1655         0
    0.1796   -0.1404         0
    0.1929   -0.1138         0
    0.2025   -0.0861         0
    0.2081   -0.0579         0
    0.2099   -0.0297         0
    0.2080   -0.0021         0
    0.2025    0.0246         0
    0.1937    0.0497         0
    0.1819    0.0731         0
    0.1673    0.0942         0
    0.1504    0.1128         0
    0.1316    0.1286         0
    0.1112    0.1415         0
    0.0898    0.1514         0
    0.0677    0.1581         0
    0.0454    0.1617         0
    0.0234    0.1623         0
    0.0020    0.1600         0
   -0.0184    0.1549         0
   -0.0374    0.1473         0
   -0.0548    0.1375         0
   -0.0703    0.1257         0
   -0.0837    0.1122         0
   -0.0948    0.0975         0
   -0.1036    0.0818         0
   -0.1099    0.0656         0
   -0.1139    0.0491         0
   -0.1154    0.0328         0
   -0.1148    0.0168         0
   -0.1120    0.0017         0
   -0.1073   -0.0125         0
   -0.1009   -0.0254         0
   -0.0930   -0.0368         0
   -0.0839   -0.0467         0
   -0.0739   -0.0548         0
   -0.0632   -0.0612         0
   -0.0522   -0.0658         0
   -0.0412   -0.0686         0
   -0.0303   -0.0697         0
   -0.0198   -0.0692         0
   -0.0100   -0.0673         0
   -0.0011   -0.0640         0
    0.0068   -0.0596         0
    0.0135   -0.0543         0
    0.0190   -0.0484         0
    0.0232   -0.0420         0
    0.0261   -0.0354         0
    0.0277   -0.0288         0
    0.0281   -0.0225         0
    0.0274   -0.0165         0
    0.0257   -0.0112         0
    0.0231   -0.0067         0
    0.0198   -0.0030         0
    0.0160   -0.0003         0
    0.0119    0.0013         0
    0.0078    0.0019         0
    0.0037    0.0015         0
   -0.4000         0    1.0000
   -0.3926   -0.0516    1.0000
   -0.3787   -0.1013    1.0000
   -0.3586   -0.1483    1.0000
   -0.3327   -0.1917    1.0000
   -0.3017   -0.2310    1.0000
   -0.2662   -0.2655    1.0000
   -0.2269   -0.2948    1.0000
   -0.1845   -0.3184    1.0000
   -0.1399   -0.3360    1.0000
   -0.0939   -0.3475    1.0000
   -0.0473   -0.3528    1.0000
   -0.0009   -0.3520    1.0000
    0.0445   -0.3451    1.0000
    0.0881   -0.3325    1.0000
    0.1291   -0.3145    1.0000
    0.1670   -0.2915    1.0000
    0.2012   -0.2641    1.0000
    0.2311   -0.2328    1.0000
    0.2563   -0.1983    1.0000
    0.2765   -0.1612    1.0000
    0.2914   -0.1222    1.0000
    0.3010   -0.0821    1.0000
    0.3052   -0.0417    1.0000
    0.3040   -0.0015    1.0000
    0.2976    0.0376    1.0000
    0.2863    0.0751    1.0000
    0.2704    0.1102    1.0000
    0.2503    0.1425    1.0000
    0.2264    0.1715    1.0000
    0.1992    0.1967    1.0000
    0.1694    0.2179    1.0000
    0.1376    0.2346    1.0000
    0.1043    0.2469    1.0000
    0.0701    0.2545    1.0000
    0.0358    0.2575    1.0000
    0.0019    0.2560    1.0000
   -0.0310    0.2501    1.0000
   -0.0623    0.2401    1.0000
   -0.0915    0.2262    1.0000
   -0.1183    0.2088    1.0000
   -0.1421    0.1885    1.0000
   -0.1626    0.1655    1.0000
   -0.1796    0.1404    1.0000
   -0.1929    0.1138    1.0000
   -0.2025    0.0861    1.0000
   -0.2081    0.0579    1.0000
   -0.2099    0.0297    1.0000
   -0.2080    0.0021    1.0000
   -0.2025   -0.0246    1.0000
   -0.1937   -0.0497    1.0000
   -0.1819   -0.0731    1.0000
   -0.1673   -0.0942    1.0000
   -0.1504   -0.1128    1.0000
   -0.1316   -0.1286    1.0000
   -0.1112   -0.1415    1.0000
   -0.0898   -0.1514    1.0000
   -0.0677   -0.1581    1.0000
   -0.0454   -0.1617    1.0000
   -0.0234   -0.1623    1.0000
   -0.0020   -0.1600    1.0000
    0.0184   -0.1549    1.0000
    0.0374   -0.1473    1.0000
    0.0548   -0.1375    1.0000
    0.0703   -0.1257    1.0000
    0.0837   -0.1122    1.0000
    0.0948   -0.0975    1.0000
    0.1036   -0.0818    1.0000
    0.1099   -0.0656    1.0000
    0.1139   -0.0491    1.0000
    0.1154   -0.0328    1.0000
    0.1148   -0.0168    1.0000
    0.1120   -0.0017    1.0000
    0.1073    0.0125    1.0000
    0.1009    0.0254    1.0000
    0.0930    0.0368    1.0000
    0.0839    0.0467    1.0000
    0.0739    0.0548    1.0000
    0.0632    0.0612    1.0000
    0.0522    0.0658    1.0000
    0.0412    0.0686    1.0000
    0.0303    0.0697    1.0000
    0.0198    0.0692    1.0000
    0.0100    0.0673    1.0000
    0.0011    0.0640    1.0000
   -0.0068    0.0596    1.0000
   -0.0135    0.0543    1.0000
   -0.0190    0.0484    1.0000
   -0.0232    0.0420    1.0000
   -0.0261    0.0354    1.0000
   -0.0277    0.0288    1.0000
   -0.0281    0.0225    1.0000
   -0.0274    0.0165    1.0000
   -0.0257    0.0112    1.0000
   -0.0231    0.0067    1.0000
   -0.0198    0.0030    1.0000
   -0.0160    0.0003    1.0000
   -0.0119   -0.0013    1.0000
   -0.0078   -0.0019    1.0000
   -0.0037   -0.0015    1.0000